0 0 -1.044921707263204e+03 1.521938518756360e-03 5.464087109600002e-02
1 0 -1.038725088013362e+03 6.364415526595074e-03 4.320773215337991e-02
0 1 -1.033995010284903e+03 1.521101573486690e-03 5.467869607568298e-02
0 2 -1.023072159838893e+03 1.509753198016333e-03 5.483150432930721e-02
1 1 -1.016459734143501e+03 6.364095656134231e-03 4.320740188890609e-02
0 3 -1.012148112266399e+03 1.508698112826550e-03 5.488285127046898e-02
0 4 -1.001229003997087e+03 1.498506948968762e-03 5.503152486260497e-02
1 2 -9.941941435811713e+02 6.363712069402938e-03 4.320800868282684e-02
0 5 -9.903074035154174e+02 1.497243593651998e-03 5.509580518252512e-02
0 6 -9.793911529357171e+02 1.488821097635121e-03 5.523620709037188e-02
1 3 -9.719284251351652e+02 6.363340774154831e-03 4.320921384258269e-02
0 7 -9.684721182828133e+02 1.487332684519519e-03 5.531219665237603e-02
0 8 -9.575581707332560e+02 1.481054718753114e-03 5.544099954650054e-02
1 4 -9.496626248406413e+02 6.363054930919924e-03 4.321060199992310e-02
0 9 -9.466419364038111e+02 1.479331516276994e-03 5.552700583696640e-02
0 10 -9.357298654959010e+02 1.475389553449540e-03 5.564135330026537e-02
1 5 -9.273967537478532e+02 6.362917559755468e-03 4.321174890794039e-02
0 11 -9.248165904903740e+02 1.473395512388479e-03 5.573520336911842e-02
0 12 -9.139059060660998e+02 1.471775906476912e-03 5.583205167810223e-02
1 6 -9.051308223123203e+02 6.362972005199426e-03 4.321226662357434e-02
0 13 -9.029954594248587e+02 1.469411732422328e-03 5.593028515250475e-02
0 14 -8.920853748240202e+02 1.469976869126999e-03 5.600700927947636e-02
1 7 -8.828648752325788e+02 6.363231859868642e-03 4.321183741781629e-02
0 15 -8.811770976421817e+02 1.467198971680500e-03 5.610601227104738e-02
0 16 -8.702663901178497e+02 1.469534027250892e-03 5.615888022315948e-02
1 8 -8.605990271873551e+02 6.363665856291227e-03 4.321033055089308e-02
0 17 -8.593589706780980e+02 1.466063023599759e-03 5.625246862592465e-02
0 18 -8.484458027861992e+02 1.469728812063472e-03 5.627866387674473e-02
1 9 -8.383334875607916e+02 6.364182671978818e-03 4.320783775052171e-02
0 19 -8.375371142425572e+02 1.465288383472445e-03 5.635838239486137e-02
0 20 -8.266190613608588e+02 1.469674025221097e-03 5.635597848483376e-02
1 10 -8.160685763963259e+02 6.364611095323852e-03 4.320485178266979e-02
0 21 -8.157061711985335e+02 1.463817552599114e-03 5.640967975826069e-02
0 22 -8.047803491825613e+02 1.468290880334635e-03 5.637906136031065e-02
0 23 -7.938596792952815e+02 1.460265890650883e-03 5.639127475254298e-02
1 11 -7.938047214238779e+02 6.364721244794051e-03 4.320249767472190e-02
0 24 -7.829230780864197e+02 1.464628255748256e-03 5.633640964577832e-02
0 25 -7.719907622999182e+02 1.454366676288226e-03 5.629011576749745e-02
1 12 -7.715424170191334e+02 6.364301687285810e-03 4.320186607172792e-02
0 26 -7.610407842942491e+02 1.458081429694972e-03 5.621862425816845e-02
0 27 -7.500932796766939e+02 1.445398369991299e-03 5.610255278588529e-02
1 13 -7.492821267555615e+02 6.363288600433257e-03 4.320315105206929e-02
0 28 -7.391283294202609e+02 1.448768681116383e-03 5.602144242777908e-02
0 29 -7.281631967882169e+02 1.434750996440959e-03 5.583316296520468e-02
1 14 -7.270241668514208e+02 6.361735727300416e-03 4.320637366931781e-02
0 30 -7.171830950398388e+02 1.437573699650884e-03 5.574778397196077e-02
0 31 -7.061995839891810e+02 1.423533448160393e-03 5.549457463900245e-02
1 15 -7.047686200536597e+02 6.359776227137346e-03 4.321143252354034e-02
0 32 -6.952057834597970e+02 1.426004488607645e-03 5.540826137901412e-02
0 33 -6.842050926510866e+02 1.413471884443269e-03 5.510389750520305e-02
1 16 -6.825152990223155e+02 6.357592816359056e-03 4.321798612062765e-02
0 34 -6.732004882872645e+02 1.415694740177046e-03 5.501900373561153e-02
0 35 -6.621855957721863e+02 1.406120648426618e-03 5.468136019341111e-02
1 17 -6.602637689064312e+02 6.355377118641616e-03 4.322555390872043e-02
0 36 -6.511741293344775e+02 1.408075485366353e-03 5.459867333151829e-02
0 37 -6.401492995493144e+02 1.402506887071289e-03 5.424621847365807e-02
1 18 -6.380134112954776e+02 6.353306848351590e-03 4.323353021609330e-02
0 38 -6.291355370098582e+02 1.404201473810399e-03 5.416613319052056e-02
0 39 -6.181057961718958e+02 1.403237334514611e-03 5.381629484780671e-02
1 19 -6.157634962299859e+02 6.351534337703840e-03 4.324128469040560e-02
0 40 -6.070945134111653e+02 1.404723687964709e-03 5.373960976307903e-02
0 41 -5.960652299588644e+02 1.408545869650531e-03 5.340939849186827e-02
1 20 -5.935132469689103e+02 6.350184119168758e-03 4.324817784524686e-02
0 42 -5.850609858819593e+02 1.409846627630535e-03 5.333688288882506e-02
0 43 -5.740374971135637e+02 1.418059348180399e-03 5.304283845116197e-02
1 21 -5.712618984166297e+02 6.349342460666977e-03 4.325360068208756e-02
0 44 -5.630441867994979e+02 1.419173383363406e-03 5.297536108909209e-02
0 45 -5.520313903889102e+02 1.430626749080038e-03 5.273258263558329e-02
1 22 -5.490087634790600e+02 6.349035873678289e-03 4.325705422736655e-02
0 46 -5.410517684655193e+02 1.431528345511545e-03 5.267108369295243e-02
0 47 -5.300535785598175e+02 1.444260002556468e-03 5.249071239608031e-02
1 23 -5.267533162243800e+02 6.349210439409634e-03 4.325825910045420e-02
0 48 -5.190888660198973e+02 1.444930553964914e-03 5.243633843523144e-02
0 49 -5.081076232535693e+02 1.456516014984262e-03 5.232284537294909e-02
1 24 -5.044952748065261e+02 6.349729885829021e-03 4.325729381644944e-02
0 50 -4.971573703124000e+02 1.456963243004190e-03 5.227707783679506e-02
0 51 -4.861934714423929e+02 1.465242910693390e-03 5.222758174177035e-02
1 25 -4.822346518813154e+02 6.350408284758931e-03 4.325464344562237e-02
0 52 -4.752557675646538e+02 1.465445764564252e-03 5.219185292026428e-02
0 53 -4.643077446423034e+02 1.469138316101298e-03 5.219761062574105e-02
1 26 -4.599717358610673e+02 6.351058560203588e-03 4.325106706549469e-02
0 54 -4.533797759029856e+02 1.469100141192207e-03 5.217331611988496e-02
0 55 -4.424448151062133e+02 1.467976121801721e-03 5.222271643585258e-02
1 27 -4.377070110477659e+02 6.351536827543312e-03 4.324739517127845e-02
0 56 -4.315234851411935e+02 1.467694265318919e-03 5.221105840397868e-02
0 57 -4.205981775061841e+02 1.462374016647343e-03 5.229238054795639e-02
1 28 -4.154410462535385e+02 6.351762098983105e-03 4.324433769061022e-02
0 58 -4.096806576551945e+02 1.461863551162796e-03 5.229429771497691e-02
0 59 -3.987616544731287e+02 1.453419794173344e-03 5.239738939612432e-02
1 29 -3.931743922743599e+02 6.351715098853216e-03 4.324236463277850e-02
0 60 -3.878456998884209e+02 1.452689015678600e-03 5.241337521047609e-02
0 61 -3.769301596926369e+02 1.442331032137067e-03 5.253016458171141e-02
1 30 -3.709075123215023e+02 6.351425674910105e-03 4.324164662826278e-02
0 62 -3.660142470986718e+02 1.441401391654455e-03 5.256037951276619e-02
0 63 -3.551000145550364e+02 1.430265022161930e-03 5.268470117887077e-02
1 31 -3.486407501778323e+02 6.350957129623551e-03 4.324206883342321e-02
0 64 -3.441833061936676e+02 1.429145443938251e-03 5.272875915137151e-02
0 65 -3.332689282482839e+02 1.418206927285737e-03 5.285600481024222e-02
1 32 -3.263743275128141e+02 6.350393509189456e-03 4.324335589154987e-02
0 66 -3.223511291745423e+02 1.416911016319808e-03 5.291319581685668e-02
0 67 -3.114357136292309e+02 1.406965359575169e-03 5.303977419106255e-02
1 33 -3.041083620519927e+02 6.349826546792166e-03 4.324511881392014e-02
0 68 -3.005169015128099e+02 1.405484389328040e-03 5.310888703166318e-02
0 69 -2.895999524494468e+02 1.397134686664833e-03 5.323176532607311e-02
1 34 -2.818428962782452e+02 6.349345266307769e-03 4.324691697104295e-02
0 70 -2.786803464040871e+02 1.395451746971825e-03 5.331115110348941e-02
0 71 -2.677615363238478e+02 1.389140705685588e-03 5.342763547179410e-02
1 35 -2.595779341337513e+02 6.349026510177246e-03 4.324831925033083e-02
0 72 -2.568413024476200e+02 1.387219300892289e-03 5.351541655153021e-02
0 73 -2.459202908690091e+02 1.383194740057938e-03 5.362239994106405e-02
1 36 -2.373134719710642e+02 6.348926006239276e-03 4.324895997742150e-02
0 74 -2.349993598771970e+02 1.380927405287498e-03 5.371566607065315e-02
0 75 -2.240755872907937e+02 1.379303856043877e-03 5.381024185349359e-02
1 37 -2.150495302941647e+02 6.349068607552226e-03 4.324858030030039e-02
0 76 -2.131534613585209e+02 1.376623145323985e-03 5.390641215145565e-02
0 77 -2.022260687308131e+02 1.377224301029593e-03 5.398418926365592e-02
1 38 -1.927861779805184e+02 6.349439365654095e-03 4.324704225405217e-02
0 78 -1.913017792900810e+02 1.373829621929295e-03 5.407858544917500e-02
0 79 -1.803694796679090e+02 1.376419176881481e-03 5.413587665319775e-02
1 39 -1.705235481455436e+02 6.349970846060884e-03 4.324442921660371e-02
0 80 -1.694414777779244e+02 1.372122404103888e-03 5.422340895722896e-02
0 81 -1.585026755549374e+02 1.376069455433689e-03 5.425570744300993e-02
1 40 -1.482618378213693e+02 6.350533226667029e-03 4.324107029316614e-02
0 82 -1.475689833224866e+02 1.370204558948254e-03 5.432839236423589e-02
0 83 -1.366218539425716e+02 1.375074274971265e-03 5.433309004245369e-02
0 84 -1.256801757893062e+02 1.367296980275535e-03 5.438015702654427e-02
1 41 -1.260012919901973e+02 6.350930968303947e-03 4.323764055292706e-02
0 85 -1.147230379214796e+02 1.372239181953375e-03 5.435760701123540e-02
0 86 -1.037711392660374e+02 1.361499457918191e-03 5.436720061342890e-02
1 42 -1.037421698184287e+02 6.350940901772543e-03 4.323519866297712e-02
0 87 -9.280277251264144e+01 1.366476113212437e-03 5.432041650192456e-02
0 88 -8.183886094615278e+01 1.352833545362972e-03 5.428010376308153e-02
1 43 -8.148468721260579e+01 6.350407321747651e-03 4.323456087705220e-02
0 89 -7.085891675683484e+01 1.357104870045597e-03 5.421606797982975e-02
0 90 -5.988207619634648e+01 1.340235812735775e-03 5.411938609007795e-02
1 44 -5.922894378205818e+01 6.349279938359580e-03 4.323578443572276e-02
0 91 -4.889132620874013e+01 1.344092053732127e-03 5.404394464324167e-02
0 92 -3.790182144028684e+01 1.324472972267307e-03 5.388943431202885e-02
1 45 -3.697486829337298e+01 6.347617349055612e-03 4.323871073607027e-02
0 93 -2.690220989974963e+01 1.328001558632612e-03 5.380828521232880e-02
0 94 -1.590164468320628e+01 1.307006643808814e-03 5.360186353953521e-02
1 46 -1.472220432590870e+01 6.345533584537431e-03 4.324314103021835e-02
0 95 -4.896102222523215e+00 1.309929203558169e-03 5.351753904051052e-02
0 96 6.112798061960281e+00 1.288756914122370e-03 5.326802890279213e-02
1 47 7.529472062417484e+00 6.343180792071281e-03 4.324875237721704e-02
0 97 1.712051770833483e+01 1.291292352992008e-03 5.318301939016198e-02
0 98 2.813412324559117e+01 1.271438137534535e-03 5.290181669555249e-02
1 48 2.978071602509341e+01 6.340731283547760e-03 4.325516177587088e-02
0 99 3.913980468233684e+01 1.273665876560794e-03 5.281794227378772e-02
0 100 5.015388904395248e+01 1.256747603896402e-03 5.251866176322477e-02
1 49 5.203216991555003e+01 6.338373571663201e-03 4.326187785305856e-02
0 101 6.115320573996509e+01 1.258681969405859e-03 5.243723393923351e-02
0 102 7.216323874549256e+01 1.246339254496315e-03 5.213626764698847e-02
1 50 7.428451584238772e+01 6.336304296184348e-03 4.326828947993575e-02
0 103 8.315218149917916e+01 1.247896405056704e-03 5.205784679195658e-02
0 104 9.415371045383297e+01 1.241253552069029e-03 5.177281482168352e-02
1 51 9.653841939553709e+01 6.334704601827132e-03 4.327372198991303e-02
0 105 1.051290500651535e+02 1.242468076657640e-03 5.169860959767595e-02
0 106 1.161181358616531e+02 1.241747010867994e-03 5.144716226215009e-02
1 52 1.187944547738689e+02 6.333699074036940e-03 4.327752527963935e-02
0 107 1.270779696225112e+02 1.242656891429492e-03 5.137865784532406e-02
0 108 1.380517504113186e+02 1.246831802962814e-03 5.117567394619298e-02
1 53 1.410530154933072e+02 6.333304520996929e-03 4.327929968995154e-02
0 109 1.489959067346748e+02 1.247413475904832e-03 5.111420442632778e-02
0 110 1.599531762923450e+02 1.254263856234864e-03 5.096818672680619e-02
1 54 1.633142280516532e+02 6.333413106939963e-03 4.327901819548974e-02
0 111 1.708832221052560e+02 1.254535536947568e-03 5.091523386643702e-02
0 112 1.818247200741943e+02 1.261349470537285e-03 5.082689732493421e-02
1 55 1.855779154605970e+02 6.333823984944859e-03 4.327708412350809e-02
0 113 1.927435868558446e+02 1.261326719961980e-03 5.078406233283114e-02
0 114 2.036717584890891e+02 1.265845763792422e-03 5.074796659935580e-02
1 56 2.078436352337863e+02 6.334310698097242e-03 4.327422749264834e-02
0 115 2.145830797755048e+02 1.265550548227431e-03 5.071668156775078e-02
0 116 2.255014583136391e+02 1.266458771184666e-03 5.072413400592805e-02
1 57 2.301107792687037e+02 6.334683006055958e-03 4.327129270040483e-02
0 117 2.364089016551982e+02 1.265910424813750e-03 5.070562344620403e-02
0 118 2.473213346725942e+02 1.262889209902359e-03 5.074736338315087e-02
1 58 2.523786932595118e+02 6.334818739497665e-03 4.326897539921074e-02
0 119 2.582280803948372e+02 1.262125532590577e-03 5.074253286969947e-02
0 120 2.691381270952371e+02 1.255563396350128e-03 5.081033478759424e-02
1 59 2.746467742093697e+02 6.334671664327550e-03 4.326771497364618e-02
0 121 2.800466058350844e+02 1.254610832800502e-03 5.081964935585814e-02
0 122 2.909571479535202e+02 1.245308230917620e-03 5.090688221570314e-02
1 60 2.969145333076183e+02 6.334258525237384e-03 4.326764882877874e-02
0 123 3.018689739968883e+02 1.244197980465062e-03 5.093038493669121e-02
0 124 3.127821168548291e+02 1.233107198850210e-03 5.103189335182379e-02
1 61 3.191816204789317e+02 6.333640762226003e-03 4.326866393013980e-02
0 125 3.236981560377161e+02 1.231866589449428e-03 5.106920576038358e-02
0 126 3.346152495027688e+02 1.219951881204271e-03 5.118101676662025e-02
1 62 3.414478173814820e+02 6.332905046614096e-03 4.327040840132285e-02
0 127 3.455358089090283e+02 1.218594094345815e-03 5.123131375531753e-02
0 128 3.564576158164729e+02 1.206752552122332e-03 5.135025828976986e-02
1 63 3.637130156142654e+02 6.332149051731339e-03 4.327247699201985e-02
0 129 3.673826261508444e+02 1.205284686001313e-03 5.141250901920892e-02
0 130 3.783094950238693e+02 1.194301003969722e-03 5.153568519747914e-02
1 64 3.859771849489053e+02 6.331468320473848e-03 4.327444412335187e-02
0 131 3.892387110673778e+02 1.192697213183167e-03 5.160828667342900e-02
0 132 4.001707810798580e+02 1.183240000594175e-03 5.173308921358905e-02
1 65 4.082403419714080e+02 6.330946259532928e-03 4.327590877965039e-02
0 133 4.111039707640773e+02 1.181477038727453e-03 5.181463274134424e-02
0 134 4.220413096327678e+02 1.174048133917747e-03 5.193780082078672e-02
1 66 4.305025188196742e+02 6.330646715021357e-03 4.327655471546758e-02
0 135 4.329783579197265e+02 1.172025638567669e-03 5.202592744343742e-02
0 136 4.439211219296722e+02 1.167000038351186e-03 5.214436926592855e-02
1 67 4.527637430692588e+02 6.330605949350103e-03 4.327617468321692e-02
0 137 4.548621727494894e+02 1.164652841871506e-03 5.223735287783168e-02
0 138 4.658106220690661e+02 1.162140606745934e-03 5.234646915756939e-02
1 68 4.750240231012752e+02 6.330826117079216e-03 4.327469008782439e-02
0 139 4.767560497977166e+02 1.159246704762353e-03 5.244109400670733e-02
0 140 4.877106264642633e+02 1.159244333366616e-03 5.253677501201089e-02
1 69 4.972833429666077e+02 6.331270727588572e-03 4.327215112757982e-02
0 141 4.986610793643046e+02 1.155644411948354e-03 5.263036167457816e-02
0 142 5.096222759441806e+02 1.157779410636370e-03 5.270698498572600e-02
1 70 5.195416672497956e+02 6.331861986825907e-03 4.326875147432407e-02
0 143 5.205785234960005e+02 1.153117166150765e-03 5.279493348703648e-02
0 144 5.315468330083721e+02 1.156964304023197e-03 5.284833636179465e-02
1 71 5.417989560770352e+02 6.332476266538692e-03 4.326488873328869e-02
0 145 5.425096527145316e+02 1.150784444038732e-03 5.292529255311750e-02
0 146 5.534853568078713e+02 1.155763212708018e-03 5.295185962805431e-02
0 147 5.644553471646716e+02 1.147752515023051e-03 5.301041642247517e-02
1 72 5.640551873061006e+02 6.332954479630219e-03 4.326111865654952e-02
0 148 5.754383282599441e+02 1.153104710822475e-03 5.300955923175470e-02
0 149 5.864156811256935e+02 1.142486517682650e-03 5.304159715649924e-02
1 73 5.863103809853368e+02 6.333122104418371e-03 4.325817255235555e-02
0 150 5.974052827148249e+02 1.147990619667424e-03 5.301502305483358e-02
0 151 6.083896578583408e+02 1.134541632328961e-03 5.301175144941012e-02
1 74 6.085646237270689e+02 6.332855001409484e-03 4.325673250205565e-02
0 152 6.193845339009977e+02 1.139672696693411e-03 5.296412944219757e-02
0 153 6.303749142028955e+02 1.123287824519832e-03 5.291871877514979e-02
1 75 6.308180917805032e+02 6.332079616773839e-03 4.325700369875778e-02
0 154 6.413730456132622e+02 1.127798673606859e-03 5.285546035913799e-02
0 155 6.523677554943617e+02 1.108391779580788e-03 5.276414036648670e-02
1 76 6.530710619101620e+02 6.330802817104525e-03 4.325884032579063e-02
0 156 6.633664777372151e+02 1.112455623811554e-03 5.269027253373257e-02
0 157 6.743632268931722e+02 1.090530502541746e-03 5.255201231944330e-02
1 77 6.753239073284700e+02 6.329090934652992e-03 4.326202697603326e-02
0 158 6.853593938473922e+02 1.094179420045096e-03 5.247239585725229e-02
0 159 6.963553517995410e+02 1.071124513572763e-03 5.229157670192331e-02
1 78 6.975770791676766e+02 6.327056347424843e-03 4.326629731348348e-02
0 160 7.073455982014300e+02 1.074027358615018e-03 5.220855295810221e-02
0 161 7.183376697837509e+02 1.051228609591958e-03 5.199250009620295e-02
1 79 7.198310794872422e+02 6.324864021445248e-03 4.327123014453989e-02
0 162 7.293186096228355e+02 1.053601128742457e-03 5.190890308102004e-02
0 163 7.403036129463812e+02 1.033003089377832e-03 5.166924021882995e-02
1 80 7.420864239402180e+02 6.322717649281847e-03 4.327636072434782e-02
0 164 7.512722938649512e+02 1.034920825500453e-03 5.158754991984751e-02
0 165 7.622472278182106e+02 1.018766760866961e-03 5.134099887067730e-02
1 81 7.643435916943178e+02 6.320848233988390e-03 4.328104647810348e-02
0 166 7.732016255372331e+02 1.020121935830647e-03 5.126244201588309e-02
0 167 7.841641153591897e+02 1.009956317641293e-03 5.102731886370285e-02
1 82 7.866029578100121e+02 6.319455684979085e-03 4.328463435296208e-02
0 168 7.951035118729164e+02 1.010840583209250e-03 5.095371066799478e-02
0 169 8.060522410566297e+02 1.006959974206599e-03 5.074708562305966e-02
1 83 8.088647163876636e+02 6.318641781453676e-03 4.328663941412336e-02
0 170 8.169775174242948e+02 1.007398631537717e-03 5.068017248106890e-02
0 171 8.279125887916505e+02 1.008575031475097e-03 5.051449845551572e-02
1 84 8.311288193460464e+02 6.318368145144013e-03 4.328693298976699e-02
0 172 8.388261193901777e+02 1.008603273648701e-03 5.045580262431893e-02
0 173 8.497491939312738e+02 1.012429716681398e-03 5.033661459718542e-02
1 85 8.533949620217176e+02 6.318471868640286e-03 4.328580818489590e-02
0 174 8.606544147015883e+02 1.012090517611501e-03 5.028782030151058e-02
0 175 8.715684140505260e+02 1.015944694322532e-03 5.021471850587224e-02
1 86 8.756626273289015e+02 6.318732388451810e-03 4.328385311282217e-02
0 176 8.824692028068744e+02 1.015299425197622e-03 5.017729480591724e-02
0 177 8.933777755338268e+02 1.017072663186215e-03 5.014607299104324e-02
1 87 8.979311774495160e+02 6.318942017656622e-03 4.328177358631868e-02
0 178 9.042778748437993e+02 1.016163033433001e-03 5.012124489266016e-02
0 179 9.151847503328620e+02 1.014641487377082e-03 5.012621813532857e-02
1 88 9.201999564637466e+02 6.318954140387605e-03 4.328022452512550e-02
0 180 9.260873340470598e+02 1.013519067774177e-03 5.011484276651608e-02
0 181 9.369958475335671e+02 1.008316184286234e-03 5.015028246807965e-02
1 89 9.424683777091192e+02 6.318694771813643e-03 4.327958511490037e-02
0 182 9.479032961338308e+02 1.007037641823680e-03 5.015283195627539e-02
0 183 9.588160826372714e+02 9.984012121419248e-04 5.021379306463934e-02
1 90 9.647359733797829e+02 6.318161036602260e-03 4.327996929875551e-02
0 184 9.697299670191707e+02 9.970061841297747e-04 5.023024236211839e-02
0 185 9.806488801130939e+02 9.855760759300246e-04 5.031258819630557e-02
1 91 9.870024146778885e+02 6.317401751111524e-03 4.328124275947561e-02
0 186 9.915700378517042e+02 9.841097668690020e-04 5.034259046436048e-02
0 187 1.002496207003325e+03 9.707283147124211e-04 5.044287555549790e-02
1 92 1.009267506027999e+03 6.316497058556873e-03 4.328312520979795e-02
0 188 1.013424908271802e+03 9.692145189893622e-04 5.048562892281071e-02
0 189 1.024358864629405e+03 9.548022605398392e-04 5.060086513827670e-02
1 93 1.031531160762978e+03 6.315540982808612e-03 4.328520495279849e-02
0 190 1.035294994560033e+03 9.532584664010852e-04 5.065544442459533e-02
0 191 1.046236837843375e+03 9.387259550166139e-04 5.078275992137438e-02
1 94 1.053793374810913e+03 6.314627698120407e-03 4.328709986755391e-02
0 192 1.057180042815317e+03 9.371422166683255e-04 5.084780532995227e-02
0 193 1.068129589584806e+03 9.233326531594392e-04 5.098435182886239e-02
1 95 1.076054199273080e+03 6.313841386927035e-03 4.328848132072551e-02
0 194 1.079079432349652e+03 9.216954017154702e-04 5.105868525844995e-02
0 195 1.090036327075262e+03 9.093382853605380e-04 5.120111733671819e-02
1 96 1.098313718369588e+03 6.313249025564367e-03 4.328909174493168e-02
0 196 1.100992343472235e+03 9.075880920683269e-04 5.128298024964231e-02
0 197 1.111956162852029e+03 8.972845548766488e-04 5.142791067614619e-02
1 97 1.120572032564946e+03 6.312896109623906e-03 4.328876864478836e-02
0 198 1.122917944626560e+03 8.953712625126729e-04 5.151602210526320e-02
0 199 1.133888202793739e+03 8.875126105137483e-04 5.165896381727693e-02
1 98 1.142829249145589e+03 6.312803048739789e-03 4.328746565862134e-02
0 200 1.144855376248384e+03 8.853417425017685e-04 5.175149521480565e-02
0 201 1.155831570493467e+03 8.801620687015506e-04 5.188804220062992e-02
1 99 1.165085480515284e+03 6.312962602391899e-03 4.328522922747535e-02
0 202 1.166803768008247e+03 8.775652975257952e-04 5.198280986282021e-02
0 203 1.177785337906360e+03 8.750951310011257e-04 5.210813094286269e-02
1 100 1.187340845649260e+03 6.313339656155198e-03 4.328219764115147e-02
0 204 1.188762193316776e+03 8.719966940684247e-04 5.220358769262119e-02
0 205 1.199748442510259e+03 8.719580920461770e-04 5.231196982452851e-02
1 101 1.209595475849936e+03 6.313875572375741e-03 4.327854362290934e-02
0 206 1.210729454235480e+03 8.681197622222027e-04 5.240505461673019e-02
0 207 1.221719557621212e+03 8.701876691199955e-04 5.249216063000050e-02
1 102 1.231849522230068e+03 6.314483912553808e-03 4.327457297563719e-02
0 208 1.232704049062407e+03 8.652348854194687e-04 5.257937373216613e-02
0 209 1.243696961995453e+03 8.690117167564558e-04 5.264124032492631e-02
1 103 1.254103163704617e+03 6.315057112088551e-03 4.327064217069525e-02
0 210 1.254684063478302e+03 8.628812825429389e-04 5.271850504884964e-02
0 211 1.265678436539348e+03 8.675598031916068e-04 5.275219989499327e-02
0 212 1.276666963771290e+03 8.598032962913695e-04 5.281331068579978e-02
1 104 1.276356612432241e+03 6.315470473986493e-03 4.326718669068644e-02
0 213 1.287661195335899e+03 8.649353525730938e-04 5.281873033893465e-02
0 214 1.298649694056455e+03 8.549064888847127e-04 5.285687751617314e-02
1 105 1.298610115422717e+03 6.315593791484887e-03 4.326474170908268e-02
0 215 1.309641879600103e+03 8.602373002313220e-04 5.283528619841923e-02
0 216 1.320628647837508e+03 8.478451136435361e-04 5.284187405696656e-02
1 106 1.320863953212520e+03 6.315334907691920e-03 4.326380080956675e-02
0 217 1.331616619421613e+03 8.527125229304579e-04 5.279765446313135e-02
0 218 1.342599746188530e+03 8.376746449946273e-04 5.276527536886551e-02
1 107 1.343118436157563e+03 6.314617900707967e-03 4.326445909290039e-02
0 219 1.353581182773360e+03 8.418918106767538e-04 5.270352787828852e-02
0 220 1.364558692272064e+03 8.240398832303472e-04 5.262675198902048e-02
1 108 1.365373897020887e+03 6.313458033988057e-03 4.326647707199124e-02
0 221 1.375531233886537e+03 8.277350213290437e-04 5.255330218323301e-02
0 222 1.386501163308615e+03 8.079795935460650e-04 5.243116039933046e-02
1 109 1.387630674747375e+03 6.311939639245927e-03 4.326949700818714e-02
0 223 1.397462703475919e+03 8.108463781600583e-04 5.235121423897220e-02
0 224 1.408423329860002e+03 7.905075713991132e-04 5.218888633285763e-02
1 110 1.409889085563552e+03 6.310217131860463e-03 4.327306596926153e-02
0 225 1.419372260413656e+03 7.926661662224925e-04 5.210651116239091e-02
0 226 1.430322305284712e+03 7.737467330144455e-04 5.191462639157742e-02
1 111 1.432149384143021e+03 6.308500260990680e-03 4.327666263815056e-02
0 227 1.441257872787062e+03 7.752759859962332e-04 5.183355933920259e-02
0 228 1.452196684198520e+03 7.601267478437544e-04 5.162866807750121e-02
1 112 1.454411718319221e+03 6.307012516154258e-03 4.327975409101594e-02
0 229 1.463119295156462e+03 7.609832173768106e-04 5.155076281419071e-02
0 230 1.474047137850231e+03 7.511277194424318e-04 5.134994519017795e-02
1 113 1.476676083740364e+03 6.305926445563639e-03 4.328187627300437e-02
0 231 1.484958408527980e+03 7.514338253762895e-04 5.127776092883604e-02
0 232 1.495876537266361e+03 7.471601653743625e-04 5.109685348361221e-02
1 114 1.498942292182525e+03 6.305300252306236e-03 4.328281350453000e-02
0 233 1.506779205073915e+03 7.469607658678943e-04 5.103204904501166e-02
0 234 1.517689883487177e+03 7.470127412441791e-04 5.088207976515727e-02
1 115 1.521209969307432e+03 6.305064070202271e-03 4.328265895397693e-02
0 235 1.528587426918043e+03 7.463783943279409e-04 5.082650160979593e-02
0 236 1.539493671396632e+03 7.485513258156869e-04 5.071345229958175e-02
1 116 1.543478594829023e+03 6.305051879677164e-03 4.328180284904046e-02
0 237 1.550389832545483e+03 7.475668559135521e-04 5.066866273979659e-02
0 238 1.561295039277725e+03 7.494584307847127e-04 5.059425639276893e-02
1 117 1.565747567380574e+03 6.305071663192169e-03 4.328074830808958e-02
0 239 1.572193366084616e+03 7.481889902849791e-04 5.056151428366411e-02
0 240 1.583100861776054e+03 7.478512661177570e-04 5.052474894931128e-02
1 118 1.588016284236310e+03 6.304960810820785e-03 4.327997011866104e-02
0 241 1.594004357332697e+03 7.463624711618971e-04 5.050495312734866e-02
0 242 1.604917041164068e+03 7.425851407675281e-04 5.050339769161808e-02
1 119 1.610284209392337e+03 6.304619191051415e-03 4.327982505629990e-02
0 243 1.615827964226567e+03 7.409536125481812e-04 5.049703867564853e-02
0 244 1.626748082671088e+03 7.332742979607396e-04 5.052779176686876e-02
1 120 1.632550920401486e+03 6.304011379333028e-03 4.328042003080624e-02
0 245 1.637667922775279e+03 7.315540836927894e-04 5.053489583977126e-02
0 246 1.648596980566591e+03 7.201292307721827e-04 5.059492109520655e-02
1 121 1.654816125190163e+03 6.303159228791082e-03 4.328166103495056e-02
0 247 1.659526517400516e+03 7.183755056848716e-04 5.061518739670402e-02
0 248 1.670465328754417e+03 7.037806224963779e-04 5.070147287934677e-02
1 122 1.677079659239454e+03 6.302123084969766e-03 4.328331609216877e-02
0 249 1.681404756249159e+03 7.020337722723297e-04 5.073420409629668e-02
0 250 1.692353532433688e+03 6.851028016713169e-04 5.084371222773761e-02
1 123 1.699341469191303e+03 6.300982810626158e-03 4.328509919833887e-02
