4.500000000000000e+02 2.276723283691919e-05 
4.510000000000000e+02 1.678151570998936e-05 
4.520000000000000e+02 9.262205624964161e-06 
4.530000000000000e+02 9.979137187025018e-07 
4.540000000000000e+02 -7.228420545928260e-06 
4.550000000000000e+02 -1.473275641283521e-05 
4.560000000000000e+02 -2.093558312838057e-05 
4.570000000000000e+02 -2.533761634119473e-05 
4.580000000000000e+02 -2.754144583033064e-05 
4.590000000000000e+02 -2.737435869976248e-05 
4.600000000000000e+02 -2.501759684794587e-05 
4.610000000000000e+02 -2.092756501611233e-05 
4.620000000000000e+02 -1.558124687234957e-05 
4.630000000000000e+02 -9.337086095853683e-06 
4.640000000000000e+02 -2.487478835633220e-06 
4.650000000000000e+02 4.638112838620663e-06 
4.660000000000000e+02 1.162006513678570e-05 
4.670000000000000e+02 1.796332012177503e-05 
4.680000000000000e+02 2.316130992745019e-05 
4.690000000000000e+02 2.675964518087322e-05 
4.700000000000000e+02 2.835709532780984e-05 
4.710000000000000e+02 2.759855172276977e-05 
4.720000000000000e+02 2.430637001284504e-05 
4.730000000000000e+02 1.868168873705636e-05 
4.740000000000000e+02 1.131845471890991e-05 
4.750000000000000e+02 3.019978929582441e-06 
4.760000000000000e+02 -5.395428593615640e-06 
4.770000000000000e+02 -1.319607082964222e-05 
4.780000000000000e+02 -1.975343203810119e-05 
4.790000000000000e+02 -2.453121548866321e-05 
4.800000000000000e+02 -2.712229516790766e-05 
4.810000000000000e+02 -2.736938176935597e-05 
4.820000000000000e+02 -2.546158122063273e-05 
4.830000000000000e+02 -2.183148905804108e-05 
4.840000000000000e+02 -1.691750268383885e-05 
4.850000000000000e+02 -1.104366398089651e-05 
4.860000000000000e+02 -4.469307772220303e-06 
4.870000000000000e+02 2.515785946424943e-06 
4.880000000000000e+02 9.536809521066346e-06 
4.890000000000000e+02 1.613751134314497e-05 
4.900000000000000e+02 2.182002075655795e-05 
4.910000000000000e+02 2.608450333834212e-05 
4.920000000000000e+02 2.843031304546794e-05 
4.930000000000000e+02 2.838724973751428e-05 
4.940000000000000e+02 2.568922269915635e-05 
4.950000000000000e+02 2.048223916093680e-05 
4.960000000000000e+02 1.333425221159379e-05 
4.970000000000000e+02 5.053793680331156e-06 
4.980000000000000e+02 -3.508429511603460e-06 
4.990000000000000e+02 -1.157264878873160e-05 
5.000000000000000e+02 -1.846115631344439e-05 
5.010000000000000e+02 -2.360335481382874e-05 
5.020000000000000e+02 -2.658437515882760e-05 
5.030000000000000e+02 -2.725607435197453e-05 
5.040000000000000e+02 -2.580458414435725e-05 
5.050000000000000e+02 -2.263608318970331e-05 
5.060000000000000e+02 -1.815706899345884e-05 
5.070000000000000e+02 -1.266434779670163e-05 
5.080000000000000e+02 -6.387371784869863e-06 
5.090000000000000e+02 4.244407336404824e-07 
5.100000000000000e+02 7.443038193736560e-06 
5.110000000000000e+02 1.425167646549306e-05 
5.120000000000000e+02 2.036433962160149e-05 
5.130000000000000e+02 2.524358894952369e-05 
5.140000000000000e+02 2.830437368805902e-05 
5.150000000000000e+02 2.897663035561929e-05 
5.160000000000000e+02 2.690660533675487e-05 
5.170000000000000e+02 2.217133873433175e-05 
5.180000000000000e+02 1.529733068808118e-05 
5.190000000000000e+02 7.088452668375406e-06 
5.200000000000000e+02 -1.575910488072387e-06 
5.210000000000000e+02 -9.868615413825560e-06 
5.220000000000000e+02 -1.706401779654809e-05 
5.230000000000000e+02 -2.256008898664583e-05 
5.240000000000000e+02 -2.593407142669193e-05 
5.250000000000000e+02 -2.703874360608231e-05 
5.260000000000000e+02 -2.604746384632076e-05 
5.270000000000000e+02 -2.333933987042256e-05 
5.280000000000000e+02 -1.929600232190184e-05 
5.290000000000000e+02 -1.419302759755857e-05 
5.300000000000000e+02 -8.232002802212332e-06 
5.310000000000000e+02 -1.622885110607881e-06 
5.320000000000000e+02 5.353562561434123e-06 
5.330000000000000e+02 1.232086183660592e-05 
5.340000000000000e+02 1.880651736000498e-05 
5.350000000000000e+02 2.424395659573284e-05 
5.360000000000000e+02 2.798132116135976e-05 
5.370000000000000e+02 2.936395155908907e-05 
5.380000000000000e+02 2.795078473672442e-05 
5.390000000000000e+02 2.373778892195217e-05 
5.400000000000000e+02 1.719536220059898e-05 
5.410000000000000e+02 9.112706617809450e-06 
5.420000000000000e+02 3.931433477645830e-07 
5.430000000000000e+02 -8.090847879962364e-06 
5.440000000000000e+02 -1.556816876270840e-05 
5.450000000000000e+02 -2.140813617861450e-05 
5.460000000000000e+02 -2.517757665512662e-05 
5.470000000000000e+02 -2.672108191243155e-05 
5.480000000000000e+02 -2.619101400006055e-05 
5.490000000000000e+02 -2.394001985415214e-05 
5.500000000000000e+02 -2.033091276291287e-05 
5.510000000000000e+02 -1.562413344436008e-05 
5.520000000000000e+02 -9.995517312854793e-06 
5.530000000000000e+02 -3.615347735119708e-06 
5.540000000000000e+02 3.282044729988664e-06 
5.550000000000000e+02 1.035895385676311e-05 
5.560000000000000e+02 1.715860195365494e-05 
5.570000000000000e+02 2.309505113603389e-05 
5.580000000000000e+02 2.746639371880648e-05 
5.590000000000000e+02 2.954885566522238e-05 
5.600000000000000e+02 2.881573293452681e-05 
5.610000000000000e+02 2.517128632229331e-05 
5.620000000000000e+02 1.901625010750225e-05 
5.630000000000000e+02 1.111506428431345e-05 
5.640000000000000e+02 2.389265932974268e-06 
5.650000000000000e+02 -6.246995286818541e-06 
5.660000000000000e+02 -1.398073203169008e-05 
5.670000000000000e+02 -2.015435152091580e-05 
5.680000000000000e+02 -2.432027303902358e-05 
5.690000000000000e+02 -2.630590513345423e-05 
5.700000000000000e+02 -2.623583059323347e-05 
5.710000000000000e+02 -2.443703196159337e-05 
5.720000000000000e+02 -2.125982038627137e-05 
5.730000000000000e+02 -1.695403687871968e-05 
5.740000000000000e+02 -1.167164390138396e-05 
5.750000000000000e+02 -5.543786231576184e-06 
5.760000000000000e+02 1.239751080370859e-06 
5.770000000000000e+02 8.379071731804079e-06 
5.780000000000000e+02 1.543322679100780e-05 
5.790000000000000e+02 2.180736907963714e-05 
5.800000000000000e+02 2.676711042590767e-05 
5.810000000000000e+02 2.953366580280036e-05 
5.820000000000000e+02 2.949737954100782e-05 
5.830000000000000e+02 2.646270017496790e-05 
5.840000000000000e+02 2.074841588367283e-05 
5.850000000000000e+02 1.308392426801976e-05 
5.860000000000000e+02 4.402265499549341e-06 
5.870000000000000e+02 -4.345733265891434e-06 
5.880000000000000e+02 -1.230944204883278e-05 
5.890000000000000e+02 -1.880527503617503e-05 
5.900000000000000e+02 -2.336633572385539e-05 
5.910000000000000e+02 -2.579463630081795e-05 
5.920000000000000e+02 -2.618167900342672e-05 
5.930000000000000e+02 -2.482971487374740e-05 
5.940000000000000e+02 -2.208140859245097e-05 
5.950000000000000e+02 -1.818034712775719e-05 
5.960000000000000e+02 -1.325633177925810e-05 
5.970000000000000e+02 -7.401770740789238e-06 
5.980000000000000e+02 -7.638181789845893e-07 
5.990000000000000e+02 6.391453821002121e-06 
6.000000000000000e+02 1.364179527770917e-05 
6.010000000000000e+02 2.039288595216171e-05 
6.020000000000000e+02 2.589346037253662e-05 
6.030000000000000e+02 2.932315096552258e-05 
6.040000000000000e+02 2.999403813422920e-05 
6.050000000000000e+02 2.760443574024212e-05 
6.060000000000000e+02 2.238071604853015e-05 
6.070000000000000e+02 1.500736055203793e-05 
6.080000000000000e+02 6.421203735320754e-06 
6.090000000000000e+02 -2.396646094466841e-06 
6.100000000000000e+02 -1.056241369448529e-05 
6.110000000000000e+02 -1.736667347094849e-05 
6.120000000000000e+02 -2.231837801954060e-05 
6.130000000000000e+02 -2.518728801705321e-05 
6.140000000000000e+02 -2.602745263076964e-05 
6.150000000000000e+02 -2.511695963237536e-05 
6.160000000000000e+02 -2.279498253608990e-05 
6.170000000000000e+02 -1.930221907293692e-05 
6.180000000000000e+02 -1.474702763913191e-05 
6.190000000000000e+02 -9.184833061780012e-06 
6.200000000000000e+02 -2.722904494582745e-06 
6.210000000000000e+02 4.404434894346178e-06 
6.220000000000000e+02 1.179517503200858e-05 
6.230000000000000e+02 1.886409645832031e-05 
6.240000000000000e+02 2.485709942800738e-05 
6.250000000000000e+02 2.892475793155644e-05 
6.260000000000000e+02 3.030599931372156e-05 
6.270000000000000e+02 2.859022446693387e-05 
6.280000000000000e+02 2.390251460438834e-05 
6.290000000000000e+02 1.687313149861364e-05 
6.300000000000000e+02 8.434281538436364e-06 
6.310000000000000e+02 -4.099750790989179e-07 
6.320000000000000e+02 -8.747803208879800e-06 
6.330000000000000e+02 -1.584357081179339e-05 
6.340000000000000e+02 -2.117763059253149e-05 
6.350000000000000e+02 -2.448217070173991e-05 
6.360000000000000e+02 -2.577053738555476e-05 
6.370000000000000e+02 -2.529683320022103e-05 
6.380000000000000e+02 -2.339958223857406e-05 
6.390000000000000e+02 -2.031946045436622e-05 
6.400000000000000e+02 -1.614390437241818e-05 
6.410000000000000e+02 -1.089195768056450e-05 
6.420000000000000e+02 -4.634234558411915e-06 
6.430000000000000e+02 2.423878939868885e-06 
6.440000000000000e+02 9.902850264064457e-06 
6.450000000000000e+02 1.723418889179904e-05 
6.460000000000000e+02 2.367134944868602e-05 
6.470000000000000e+02 2.834758910037839e-05 
6.480000000000000e+02 3.043573622851173e-05 
6.490000000000000e+02 2.941526957262477e-05 
