4.754094700000000e+02 -4.557399572320988e-07 
4.815078900000000e+02 -2.664545469312355e-05 
5.055666100000000e+02 -2.023759760188168e-05 
5.086065400000000e+02 -2.300427584928283e-06 
5.145643500000000e+02 2.900816865437741e-05 
5.333652900000000e+02 1.477347050320894e-05 
5.374555800000001e+02 2.907887313598315e-05 
5.514439900000000e+02 -1.322952680453446e-05 
5.823597600000001e+02 2.874508640607608e-05 
5.973001900000000e+02 -5.481921571888474e-06 
6.112441800000000e+02 -1.876024000359275e-05 
