0 0 -1.044921707263204e+03 1.521938518756360e-03 5.464087109600002e-02
1 0 -1.038725088013362e+03 6.364415526595074e-03 4.320773215337991e-02
0 1 -1.033995010284903e+03 1.521101573486690e-03 5.467869607568298e-02
0 2 -1.023072159838893e+03 1.509753198016333e-03 5.483150432930721e-02
1 1 -1.016459734143501e+03 6.364095656134230e-03 4.320740188890609e-02
0 3 -1.012148112266399e+03 1.508698112826549e-03 5.488285127046898e-02
0 4 -1.001229003997087e+03 1.498506948968759e-03 5.503152486260503e-02
1 2 -9.941941435811713e+02 6.363712069402935e-03 4.320800868282684e-02
0 5 -9.903074035154176e+02 1.497243593651991e-03 5.509580518252524e-02
0 6 -9.793911529357173e+02 1.488821097635115e-03 5.523620709037198e-02
1 3 -9.719284251351652e+02 6.363340774154832e-03 4.320921384258269e-02
0 7 -9.684721182828133e+02 1.487332684519516e-03 5.531219665237611e-02
0 8 -9.575581707332564e+02 1.481054718753110e-03 5.544099954650062e-02
1 4 -9.496626248406413e+02 6.363054930919930e-03 4.321060199992307e-02
0 9 -9.466419364038113e+02 1.479331516276988e-03 5.552700583696656e-02
0 10 -9.357298654959014e+02 1.475389553449533e-03 5.564135330026559e-02
1 5 -9.273967537478530e+02 6.362917559755476e-03 4.321174890794032e-02
0 11 -9.248165904903742e+02 1.473395512388471e-03 5.573520336911867e-02
0 12 -9.139059060661002e+02 1.471775906476905e-03 5.583205167810251e-02
1 6 -9.051308223123203e+02 6.362972005199400e-03 4.321226662357441e-02
0 13 -9.029954594248593e+02 1.469411732422323e-03 5.593028515250499e-02
0 14 -8.920853748240206e+02 1.469976869126995e-03 5.600700927947654e-02
1 7 -8.828648752325790e+02 6.363231859868612e-03 4.321183741781640e-02
0 15 -8.811770976421820e+02 1.467198971680495e-03 5.610601227104758e-02
0 16 -8.702663901178503e+02 1.469534027250886e-03 5.615888022315973e-02
1 8 -8.605990271873553e+02 6.363665856291193e-03 4.321033055089320e-02
0 17 -8.593589706780987e+02 1.466063023599755e-03 5.625246862592483e-02
0 18 -8.484458027861999e+02 1.469728812063467e-03 5.627866387674490e-02
1 9 -8.383334875607920e+02 6.364182671978775e-03 4.320783775052184e-02
0 19 -8.375371142425579e+02 1.465288383472442e-03 5.635838239486148e-02
0 20 -8.266190613608594e+02 1.469674025221093e-03 5.635597848483385e-02
1 10 -8.160685763963265e+02 6.364611095323804e-03 4.320485178266996e-02
0 21 -8.157061711985341e+02 1.463817552599113e-03 5.640967975826071e-02
0 22 -8.047803491825620e+02 1.468290880334635e-03 5.637906136031064e-02
0 23 -7.938596792952821e+02 1.460265890650884e-03 5.639127475254300e-02
1 11 -7.938047214238788e+02 6.364721244794009e-03 4.320249767472206e-02
0 24 -7.829230780864206e+02 1.464628255748257e-03 5.633640964577834e-02
0 25 -7.719907622999191e+02 1.454366676288228e-03 5.629011576749760e-02
1 12 -7.715424170191347e+02 6.364301687285786e-03 4.320186607172806e-02
0 26 -7.610407842942500e+02 1.458081429694976e-03 5.621862425816856e-02
0 27 -7.500932796766948e+02 1.445398369991303e-03 5.610255278588556e-02
1 13 -7.492821267555629e+02 6.363288600433244e-03 4.320315105206936e-02
0 28 -7.391283294202619e+02 1.448768681116387e-03 5.602144242777941e-02
0 29 -7.281631967882180e+02 1.434750996440967e-03 5.583316296520506e-02
1 14 -7.270241668514223e+02 6.361735727300389e-03 4.320637366931800e-02
0 30 -7.171830950398401e+02 1.437573699650888e-03 5.574778397196121e-02
0 31 -7.061995839891823e+02 1.423533448160399e-03 5.549457463900295e-02
1 15 -7.047686200536615e+02 6.359776227137339e-03 4.321143252354041e-02
0 32 -6.952057834597985e+02 1.426004488607651e-03 5.540826137901466e-02
0 33 -6.842050926510884e+02 1.413471884443280e-03 5.510389750520355e-02
1 16 -6.825152990223172e+02 6.357592816359058e-03 4.321798612062768e-02
0 34 -6.732004882872664e+02 1.415694740177055e-03 5.501900373561205e-02
0 35 -6.621855957721883e+02 1.406120648426639e-03 5.468136019341156e-02
1 17 -6.602637689064328e+02 6.355377118641631e-03 4.322555390872045e-02
0 36 -6.511741293344796e+02 1.408075485366372e-03 5.459867333151879e-02
0 37 -6.401492995493165e+02 1.402506887071324e-03 5.424621847365844e-02
1 18 -6.380134112954790e+02 6.353306848351612e-03 4.323353021609323e-02
0 38 -6.291355370098606e+02 1.404201473810434e-03 5.416613319052091e-02
0 39 -6.181057961718982e+02 1.403237334514666e-03 5.381629484780714e-02
1 19 -6.157634962299874e+02 6.351534337703856e-03 4.324128469040556e-02
0 40 -6.070945134111676e+02 1.404723687964764e-03 5.373960976307946e-02
0 41 -5.960652299588669e+02 1.408545869650611e-03 5.340939849186868e-02
1 20 -5.935132469689117e+02 6.350184119168774e-03 4.324817784524688e-02
0 42 -5.850609858819618e+02 1.409846627630617e-03 5.333688288882540e-02
0 43 -5.740374971135665e+02 1.418059348180502e-03 5.304283845116240e-02
1 21 -5.712618984166313e+02 6.349342460666998e-03 4.325360068208753e-02
0 44 -5.630441867995006e+02 1.419173383363506e-03 5.297536108909261e-02
0 45 -5.520313903889130e+02 1.430626749080153e-03 5.273258263558402e-02
1 22 -5.490087634790615e+02 6.349035873678295e-03 4.325705422736656e-02
0 46 -5.410517684655222e+02 1.431528345511662e-03 5.267108369295306e-02
0 47 -5.300535785598204e+02 1.444260002556586e-03 5.249071239608124e-02
1 23 -5.267533162243816e+02 6.349210439409645e-03 4.325825910045423e-02
0 48 -5.190888660199001e+02 1.444930553965030e-03 5.243633843523240e-02
0 49 -5.081076232535722e+02 1.456516014984374e-03 5.232284537295025e-02
1 24 -5.044952748065278e+02 6.349729885829047e-03 4.325729381644938e-02
0 50 -4.971573703124028e+02 1.456963243004301e-03 5.227707783679630e-02
0 51 -4.861934714423958e+02 1.465242910693484e-03 5.222758174177190e-02
1 25 -4.822346518813171e+02 6.350408284758979e-03 4.325464344562217e-02
0 52 -4.752557675646568e+02 1.465445764564345e-03 5.219185292026585e-02
0 53 -4.643077446423064e+02 1.469138316101375e-03 5.219761062574280e-02
1 26 -4.599717358610689e+02 6.351058560203645e-03 4.325106706549444e-02
0 54 -4.533797759029886e+02 1.469100141192285e-03 5.217331611988663e-02
0 55 -4.424448151062164e+02 1.467976121801779e-03 5.222271643585449e-02
1 27 -4.377070110477675e+02 6.351536827543365e-03 4.324739517127822e-02
0 56 -4.315234851411967e+02 1.467694265318977e-03 5.221105840398060e-02
0 57 -4.205981775061873e+02 1.462374016647390e-03 5.229238054795835e-02
1 28 -4.154410462535402e+02 6.351762098983145e-03 4.324433769061001e-02
0 58 -4.096806576551976e+02 1.461863551162841e-03 5.229429771497894e-02
0 59 -3.987616544731318e+02 1.453419794173379e-03 5.239738939612646e-02
1 29 -3.931743922743617e+02 6.351715098853243e-03 4.324236463277834e-02
0 60 -3.878456998884240e+02 1.452689015678629e-03 5.241337521047837e-02
0 61 -3.769301596926401e+02 1.442331032137093e-03 5.253016458171371e-02
1 30 -3.709075123215042e+02 6.351425674910135e-03 4.324164662826260e-02
0 62 -3.660142470986750e+02 1.441401391654478e-03 5.256037951276861e-02
0 63 -3.551000145550396e+02 1.430265022161950e-03 5.268470117887321e-02
1 31 -3.486407501778344e+02 6.350957129623559e-03 4.324206883342317e-02
0 64 -3.441833061936711e+02 1.429145443938269e-03 5.272875915137406e-02
0 65 -3.332689282482874e+02 1.418206927285758e-03 5.285600481024472e-02
1 32 -3.263743275128164e+02 6.350393509189475e-03 4.324335589154977e-02
0 66 -3.223511291745458e+02 1.416911016319828e-03 5.291319581685924e-02
0 67 -3.114357136292344e+02 1.406965359575192e-03 5.303977419106513e-02
1 33 -3.041083620519954e+02 6.349826546792207e-03 4.324511881391992e-02
0 68 -3.005169015128135e+02 1.405484389328063e-03 5.310888703166573e-02
0 69 -2.895999524494505e+02 1.397134686664855e-03 5.323176532607576e-02
1 34 -2.818428962782481e+02 6.349345266307806e-03 4.324691697104278e-02
0 70 -2.786803464040910e+02 1.395451746971846e-03 5.331115110349213e-02
0 71 -2.677615363238518e+02 1.389140705685611e-03 5.342763547179685e-02
1 35 -2.595779341337544e+02 6.349026510177286e-03 4.324831925033066e-02
0 72 -2.568413024476240e+02 1.387219300892310e-03 5.351541655153303e-02
0 73 -2.459202908690133e+02 1.383194740057964e-03 5.362239994106689e-02
1 36 -2.373134719710676e+02 6.348926006239316e-03 4.324895997742131e-02
0 74 -2.349993598772014e+02 1.380927405287522e-03 5.371566607065602e-02
0 75 -2.240755872907982e+02 1.379303856043909e-03 5.381024185349643e-02
1 37 -2.150495302941682e+02 6.349068607552269e-03 4.324858030030017e-02
0 76 -2.131534613585255e+02 1.376623145324019e-03 5.390641215145844e-02
0 77 -2.022260687308177e+02 1.377224301029631e-03 5.398418926365867e-02
1 38 -1.927861779805222e+02 6.349439365654133e-03 4.324704225405197e-02
0 78 -1.913017792900858e+02 1.373829621929333e-03 5.407858544917780e-02
0 79 -1.803694796679139e+02 1.376419176881517e-03 5.413587665320044e-02
1 39 -1.705235481455476e+02 6.349970846060923e-03 4.324442921660347e-02
0 80 -1.694414777779295e+02 1.372122404103920e-03 5.422340895723169e-02
0 81 -1.585026755549425e+02 1.376069455433724e-03 5.425570744301259e-02
1 40 -1.482618378213735e+02 6.350533226667042e-03 4.324107029316605e-02
0 82 -1.475689833224920e+02 1.370204558948290e-03 5.432839236423854e-02
0 83 -1.366218539425772e+02 1.375074274971296e-03 5.433309004245616e-02
0 84 -1.256801757893120e+02 1.367296980275558e-03 5.438015702654662e-02
1 41 -1.260012919902018e+02 6.350930968303968e-03 4.323764055292691e-02
0 85 -1.147230379214855e+02 1.372239181953399e-03 5.435760701123764e-02
0 86 -1.037711392660435e+02 1.361499457918193e-03 5.436720061343112e-02
1 42 -1.037421698184334e+02 6.350940901772574e-03 4.323519866297688e-02
0 87 -9.280277251264768e+01 1.366476113212447e-03 5.432041650192665e-02
0 88 -8.183886094615920e+01 1.352833545362975e-03 5.428010376308331e-02
1 43 -8.148468721261068e+01 6.350407321747692e-03 4.323456087705190e-02
0 89 -7.085891675684144e+01 1.357104870045594e-03 5.421606797983149e-02
0 90 -5.988207619635325e+01 1.340235812735753e-03 5.411938609007941e-02
1 44 -5.922894378206319e+01 6.349279938359620e-03 4.323578443572249e-02
0 91 -4.889132620874709e+01 1.344092053732105e-03 5.404394464324321e-02
0 92 -3.790182144029395e+01 1.324472972267294e-03 5.388943431202985e-02
1 45 -3.697486829337809e+01 6.347617349055632e-03 4.323871073607011e-02
0 93 -2.690220989975693e+01 1.328001558632580e-03 5.380828521232973e-02
0 94 -1.590164468321373e+01 1.307006643808783e-03 5.360186353953570e-02
1 46 -1.472220432591396e+01 6.345533584537430e-03 4.324314103021829e-02
0 95 -4.896102222530846e+00 1.309929203558130e-03 5.351753904051097e-02
0 96 6.112798061952508e+00 1.288756914122336e-03 5.326802890279224e-02
1 47 7.529472062412017e+00 6.343180792071301e-03 4.324875237721686e-02
0 97 1.712051770832686e+01 1.291292352991973e-03 5.318301939016210e-02
0 98 2.813412324558304e+01 1.271438137534522e-03 5.290181669555218e-02
1 48 2.978071602508768e+01 6.340731283547747e-03 4.325516177587085e-02
0 99 3.913980468232849e+01 1.273665876560780e-03 5.281794227378746e-02
0 100 5.015388904394394e+01 1.256747603896426e-03 5.251866176322425e-02
1 49 5.203216991554402e+01 6.338373571663173e-03 4.326187785305859e-02
0 101 6.115320573995630e+01 1.258681969405881e-03 5.243723393923305e-02
0 102 7.216323874548357e+01 1.246339254496400e-03 5.213626764698785e-02
1 50 7.428451584238135e+01 6.336304296184315e-03 4.326828947993582e-02
0 103 8.315218149916994e+01 1.247896405056781e-03 5.205784679195595e-02
0 104 9.415371045382354e+01 1.241253552069170e-03 5.177281482168305e-02
1 51 9.653841939553037e+01 6.334704601827096e-03 4.327372198991308e-02
0 105 1.051290500651438e+02 1.242468076657778e-03 5.169860959767550e-02
0 106 1.161181358616431e+02 1.241747010868188e-03 5.144716226214991e-02
1 52 1.187944547738616e+02 6.333699074036902e-03 4.327752527963944e-02
0 107 1.270779696225009e+02 1.242656891429685e-03 5.137865784532392e-02
0 108 1.380517504113079e+02 1.246831802963045e-03 5.117567394619334e-02
1 53 1.410530154932995e+02 6.333304520996932e-03 4.327929968995143e-02
0 109 1.489959067346638e+02 1.247413475905059e-03 5.111420442632816e-02
0 110 1.599531762923337e+02 1.254263856235109e-03 5.096818672680701e-02
1 54 1.633142280516450e+02 6.333413106939969e-03 4.327901819548959e-02
0 111 1.708832221052444e+02 1.254535536947809e-03 5.091523386643799e-02
0 112 1.818247200741824e+02 1.261349470537520e-03 5.082689732493557e-02
1 55 1.855779154605884e+02 6.333823984944864e-03 4.327708412350793e-02
0 113 1.927435868558324e+02 1.261326719962212e-03 5.078406233283258e-02
0 114 2.036717584890766e+02 1.265845763792629e-03 5.074796659935772e-02
1 56 2.078436352337772e+02 6.334310698097242e-03 4.327422749264823e-02
0 115 2.145830797754920e+02 1.265550548227635e-03 5.071668156775282e-02
0 116 2.255014583136260e+02 1.266458771184835e-03 5.072413400593055e-02
1 57 2.301107792686940e+02 6.334683006055944e-03 4.327129270040481e-02
0 117 2.364089016551848e+02 1.265910424813917e-03 5.070562344620663e-02
0 118 2.473213346725805e+02 1.262889209902494e-03 5.074736338315366e-02
1 58 2.523786932595016e+02 6.334818739497638e-03 4.326897539921074e-02
0 119 2.582280803948233e+02 1.262125532590709e-03 5.074253286970248e-02
0 120 2.691381270952228e+02 1.255563396350229e-03 5.081033478759758e-02
1 59 2.746467742093589e+02 6.334671664327519e-03 4.326771497364620e-02
0 121 2.800466058350698e+02 1.254610832800602e-03 5.081964935586161e-02
0 122 2.909571479535053e+02 1.245308230917698e-03 5.090688221570685e-02
1 60 2.969145333076069e+02 6.334258525237359e-03 4.326764882877873e-02
0 123 3.018689739968730e+02 1.244197980465139e-03 5.093038493669502e-02
0 124 3.127821168548135e+02 1.233107198850279e-03 5.103189335182765e-02
1 61 3.191816204789196e+02 6.333640762225990e-03 4.326866393013972e-02
0 125 3.236981560377004e+02 1.231866589449498e-03 5.106920576038750e-02
0 126 3.346152495027528e+02 1.219951881204339e-03 5.118101676662432e-02
1 62 3.414478173814692e+02 6.332905046614083e-03 4.327040840132281e-02
0 127 3.455358089090120e+02 1.218594094345881e-03 5.123131375532170e-02
0 128 3.564576158164564e+02 1.206752552122402e-03 5.135025828977417e-02
1 63 3.637130156142518e+02 6.332149051731320e-03 4.327247699201986e-02
0 129 3.673826261508275e+02 1.205284686001386e-03 5.141250901921329e-02
0 130 3.783094950238522e+02 1.194301003969807e-03 5.153568519748358e-02
1 64 3.859771849488911e+02 6.331468320473831e-03 4.327444412335189e-02
0 131 3.892387110673603e+02 1.192697213183249e-03 5.160828667343369e-02
0 132 4.001707810798401e+02 1.183240000594274e-03 5.173308921359378e-02
1 65 4.082403419713930e+02 6.330946259532900e-03 4.327590877965045e-02
0 133 4.111039707640591e+02 1.181477038727551e-03 5.181463274134906e-02
0 134 4.220413096327491e+02 1.174048133917868e-03 5.193780082079149e-02
1 66 4.305025188196583e+02 6.330646715021323e-03 4.327655471546769e-02
0 135 4.329783579197074e+02 1.172025638567786e-03 5.202592744344239e-02
0 136 4.439211219296526e+02 1.167000038351323e-03 5.214436926593342e-02
1 67 4.527637430692423e+02 6.330605949350069e-03 4.327617468321702e-02
0 137 4.548621727494694e+02 1.164652841871642e-03 5.223735287783657e-02
0 138 4.658106220690456e+02 1.162140606746094e-03 5.234646915757419e-02
1 68 4.750240231012580e+02 6.330826117079183e-03 4.327469008782448e-02
0 139 4.767560497976957e+02 1.159246704762496e-03 5.244109400671212e-02
0 140 4.877106264642417e+02 1.159244333366794e-03 5.253677501201542e-02
1 69 4.972833429665895e+02 6.331270727588535e-03 4.327215112757998e-02
0 141 4.986610793642827e+02 1.155644411948531e-03 5.263036167458270e-02
0 142 5.096222759441583e+02 1.157779410636564e-03 5.270698498573020e-02
1 70 5.195416672497767e+02 6.331861986825868e-03 4.326875147432424e-02
0 143 5.205785234959777e+02 1.153117166150930e-03 5.279493348704056e-02
0 144 5.315468330083490e+02 1.156964304023389e-03 5.284833636179837e-02
1 71 5.417989560770154e+02 6.332476266538672e-03 4.326488873328874e-02
0 145 5.425096527145081e+02 1.150784444038925e-03 5.292529255312103e-02
0 146 5.534853568078473e+02 1.155763212708196e-03 5.295185962805740e-02
0 147 5.644553471646472e+02 1.147752515023202e-03 5.301041642247798e-02
1 72 5.640551873060801e+02 6.332954479630206e-03 4.326111865654958e-02
0 148 5.754383282599194e+02 1.153104710822632e-03 5.300955923175703e-02
0 149 5.864156811256684e+02 1.142486517682731e-03 5.304159715650118e-02
1 73 5.863103809853158e+02 6.333122104418366e-03 4.325817255235553e-02
0 150 5.974052827147996e+02 1.147990619667539e-03 5.301502305483515e-02
0 151 6.083896578583154e+02 1.134541632329075e-03 5.301175144941107e-02
1 74 6.085646237270472e+02 6.332855001409455e-03 4.325673250205574e-02
0 152 6.193845339009720e+02 1.139672696693474e-03 5.296412944219830e-02
0 153 6.303749142028697e+02 1.123287824519853e-03 5.291871877514989e-02
1 75 6.308180917804807e+02 6.332079616773774e-03 4.325700369875801e-02
0 154 6.413730456132359e+02 1.127798673606874e-03 5.285546035913789e-02
0 155 6.523677554943355e+02 1.108391779580734e-03 5.276414036648605e-02
1 76 6.530710619101386e+02 6.330802817104454e-03 4.325884032579084e-02
0 156 6.633664777371883e+02 1.112455623811519e-03 5.269027253373190e-02
0 157 6.743632268931452e+02 1.090530502541653e-03 5.255201231944199e-02
1 77 6.753239073284457e+02 6.329090934652942e-03 4.326202697603336e-02
0 158 6.853593938473650e+02 1.094179420045027e-03 5.247239585725099e-02
0 159 6.963553517995136e+02 1.071124513572690e-03 5.229157670192165e-02
1 78 6.975770791676517e+02 6.327056347424789e-03 4.326629731348357e-02
0 160 7.073455982014025e+02 1.074027358614924e-03 5.220855295810050e-02
0 161 7.183376697837230e+02 1.051228609591859e-03 5.199250009620085e-02
1 79 7.198310794872166e+02 6.324864021445200e-03 4.327123014453997e-02
0 162 7.293186096228072e+02 1.053601128742361e-03 5.190890308101797e-02
0 163 7.403036129463524e+02 1.033003089377738e-03 5.166924021882760e-02
1 80 7.420864239401914e+02 6.322717649281788e-03 4.327636072434795e-02
0 164 7.512722938649221e+02 1.034920825500368e-03 5.158754991984520e-02
0 165 7.622472278181812e+02 1.018766760866917e-03 5.134099887067496e-02
1 81 7.643435916942904e+02 6.320848233988336e-03 4.328104647810362e-02
0 166 7.732016255372033e+02 1.020121935830591e-03 5.126244201588070e-02
0 167 7.841641153591594e+02 1.009956317641274e-03 5.102731886370048e-02
1 82 7.866029578099840e+02 6.319455684979027e-03 4.328463435296227e-02
0 168 7.951035118728860e+02 1.010840583209232e-03 5.095371066799250e-02
0 169 8.060522410565987e+02 1.006959974206620e-03 5.074708562305767e-02
1 83 8.088647163876351e+02 6.318641781453626e-03 4.328663941412351e-02
0 170 8.169775174242634e+02 1.007398631537727e-03 5.068017248106699e-02
0 171 8.279125887916189e+02 1.008575031475132e-03 5.051449845551408e-02
1 84 8.311288193460169e+02 6.318368145143998e-03 4.328693298976692e-02
0 172 8.388261193901454e+02 1.008603273648734e-03 5.045580262431740e-02
0 173 8.497491939312413e+02 1.012429716681443e-03 5.033661459718416e-02
1 85 8.533949620216874e+02 6.318471868640263e-03 4.328580818489591e-02
0 174 8.606544147015555e+02 1.012090517611545e-03 5.028782030150940e-02
0 175 8.715684140504928e+02 1.015944694322569e-03 5.021471850587134e-02
1 86 8.756626273288707e+02 6.318732388451787e-03 4.328385311282220e-02
0 176 8.824692028068407e+02 1.015299425197657e-03 5.017729480591649e-02
0 177 8.933777755337929e+02 1.017072663186234e-03 5.014607299104275e-02
1 87 8.979311774494844e+02 6.318942017656601e-03 4.328177358631870e-02
0 178 9.042778748437649e+02 1.016163033433021e-03 5.012124489265977e-02
0 179 9.151847503328275e+02 1.014641487377079e-03 5.012621813532846e-02
1 88 9.201999564637143e+02 6.318954140387621e-03 4.328022452512536e-02
0 180 9.260873340470250e+02 1.013519067774175e-03 5.011484276651597e-02
0 181 9.369958475335320e+02 1.008316184286210e-03 5.015028246807979e-02
1 89 9.424683777090864e+02 6.318694771813658e-03 4.327958511490021e-02
0 182 9.479032961337952e+02 1.007037641823658e-03 5.015283195627560e-02
0 183 9.588160826372354e+02 9.984012121418832e-04 5.021379306463977e-02
1 90 9.647359733797493e+02 6.318161036602250e-03 4.327996929875547e-02
0 184 9.697299670191343e+02 9.970061841297340e-04 5.023024236211896e-02
0 185 9.806488801130572e+02 9.855760759299708e-04 5.031258819630625e-02
1 91 9.870024146778541e+02 6.317401751111515e-03 4.328124275947551e-02
0 186 9.915700378516672e+02 9.841097668689485e-04 5.034259046436127e-02
0 187 1.002496207003288e+03 9.707283147123624e-04 5.044287555549870e-02
1 92 1.009267506027963e+03 6.316497058556858e-03 4.328312520979784e-02
0 188 1.013424908271765e+03 9.692145189893072e-04 5.048562892281151e-02
0 189 1.024358864629367e+03 9.548022605397844e-04 5.060086513827752e-02
1 93 1.031531160762942e+03 6.315540982808598e-03 4.328520495279835e-02
0 190 1.035294994559994e+03 9.532584664010314e-04 5.065544442459618e-02
0 191 1.046236837843336e+03 9.387259550165653e-04 5.078275992137540e-02
1 94 1.053793374810876e+03 6.314627698120406e-03 4.328709986755361e-02
0 192 1.057180042815278e+03 9.371422166682794e-04 5.084780532995333e-02
0 193 1.068129589584766e+03 9.233326531594050e-04 5.098435182886350e-02
1 95 1.076054199273043e+03 6.313841386927041e-03 4.328848132072521e-02
0 194 1.079079432349612e+03 9.216954017154379e-04 5.105868525845103e-02
0 195 1.090036327075222e+03 9.093382853605282e-04 5.120111733671918e-02
1 96 1.098313718369550e+03 6.313249025564368e-03 4.328909174493138e-02
0 196 1.100992343472195e+03 9.075880920683114e-04 5.128298024964335e-02
0 197 1.111956162851988e+03 8.972845548766601e-04 5.142791067614729e-02
1 97 1.120572032564907e+03 6.312896109623901e-03 4.328876864478809e-02
0 198 1.122917944626519e+03 8.953712625126843e-04 5.151602210526436e-02
0 199 1.133888202793697e+03 8.875126105137912e-04 5.165896381727790e-02
1 98 1.142829249145550e+03 6.312803048739788e-03 4.328746565862109e-02
0 200 1.144855376248341e+03 8.853417425017999e-04 5.175149521480666e-02
0 201 1.155831570493425e+03 8.801620687016165e-04 5.188804220063087e-02
1 99 1.165085480515244e+03 6.312962602391914e-03 4.328522922747499e-02
0 202 1.166803768008203e+03 8.775652975258660e-04 5.198280986282135e-02
0 203 1.177785337906316e+03 8.750951310012171e-04 5.210813094286344e-02
1 100 1.187340845649219e+03 6.313339656155209e-03 4.328219764115109e-02
0 204 1.188762193316732e+03 8.719966940685171e-04 5.220358769262186e-02
0 205 1.199748442510215e+03 8.719580920462964e-04 5.231196982452892e-02
1 101 1.209595475849895e+03 6.313875572375741e-03 4.327854362290904e-02
0 206 1.210729454235435e+03 8.681197622222907e-04 5.240505461673049e-02
0 207 1.221719557621167e+03 8.701876691201290e-04 5.249216063000034e-02
1 102 1.231849522230026e+03 6.314483912553786e-03 4.327457297563699e-02
0 208 1.232704049062361e+03 8.652348854196226e-04 5.257937373216607e-02
0 209 1.243696961995407e+03 8.690117167565859e-04 5.264124032492568e-02
1 103 1.254103163704574e+03 6.315057112088527e-03 4.327064217069503e-02
0 210 1.254684063478255e+03 8.628812825430740e-04 5.271850504884881e-02
0 211 1.265678436539301e+03 8.675598031917222e-04 5.275219989499201e-02
0 212 1.276666963771243e+03 8.598032962914329e-04 5.281331068579824e-02
1 104 1.276356612432197e+03 6.315470473986467e-03 4.326718669068624e-02
0 213 1.287661195335851e+03 8.649353525731838e-04 5.281873033893265e-02
0 214 1.298649694056406e+03 8.549064888846768e-04 5.285687751617079e-02
1 105 1.298610115422673e+03 6.315593791484831e-03 4.326474170908251e-02
0 215 1.309641879600054e+03 8.602373002313666e-04 5.283528619841630e-02
0 216 1.320628647837459e+03 8.478451136435980e-04 5.284187405696301e-02
1 106 1.320863953212476e+03 6.315334907691869e-03 4.326380080956656e-02
0 217 1.331616619421563e+03 8.527125229304396e-04 5.279765446312758e-02
0 218 1.342599746188480e+03 8.376746449945401e-04 5.276527536886111e-02
1 107 1.343118436157518e+03 6.314617900707905e-03 4.326445909290025e-02
0 219 1.353581182773310e+03 8.418918106766748e-04 5.270352787828383e-02
0 220 1.364558692272013e+03 8.240398832301521e-04 5.262675198901494e-02
1 108 1.365373897020841e+03 6.313458033987992e-03 4.326647707199111e-02
0 221 1.375531233886486e+03 8.277350213288949e-04 5.255330218322751e-02
0 222 1.386501163308563e+03 8.079795935459183e-04 5.243116039932414e-02
1 109 1.387630674747328e+03 6.311939639245837e-03 4.326949700818710e-02
0 223 1.397462703475866e+03 8.108463781598563e-04 5.235121423896572e-02
0 224 1.408423329859949e+03 7.905075713988849e-04 5.218888633285038e-02
1 110 1.409889085563504e+03 6.310217131860373e-03 4.327306596926148e-02
0 225 1.419372260413602e+03 7.926661662222766e-04 5.210651116238365e-02
0 226 1.430322305284657e+03 7.737467330142956e-04 5.191462639156985e-02
1 111 1.432149384142973e+03 6.308500260990609e-03 4.327666263815041e-02
0 227 1.441257872787007e+03 7.752759859960310e-04 5.183355933919483e-02
0 228 1.452196684198464e+03 7.601267478436184e-04 5.162866807749317e-02
1 112 1.454411718319172e+03 6.307012516154178e-03 4.327975409101584e-02
0 229 1.463119295156406e+03 7.609832173766703e-04 5.155076281418289e-02
0 230 1.474047137850174e+03 7.511277194423901e-04 5.134994519017048e-02
1 113 1.476676083740314e+03 6.305926445563569e-03 4.328187627300424e-02
0 231 1.484958408527923e+03 7.514338253762227e-04 5.127776092882858e-02
0 232 1.495876537266303e+03 7.471601653743801e-04 5.109685348360521e-02
1 114 1.498942292182475e+03 6.305300252306176e-03 4.328281350452987e-02
0 233 1.506779205073856e+03 7.469607658679065e-04 5.103204904500484e-02
0 234 1.517689883487118e+03 7.470127412442484e-04 5.088207976515113e-02
1 115 1.521209969307381e+03 6.305064070202224e-03 4.328265895397674e-02
0 235 1.528587426917984e+03 7.463783943280080e-04 5.082650160978979e-02
0 236 1.539493671396572e+03 7.485513258157640e-04 5.071345229957640e-02
1 116 1.543478594828971e+03 6.305051879677111e-03 4.328180284904028e-02
0 237 1.550389832545423e+03 7.475668559136240e-04 5.066866273979140e-02
0 238 1.561295039277665e+03 7.494584307847633e-04 5.059425639276448e-02
1 117 1.565747567380522e+03 6.305071663192126e-03 4.328074830808936e-02
0 239 1.572193366084556e+03 7.481889902850262e-04 5.056151428365999e-02
0 240 1.583100861775993e+03 7.478512661177503e-04 5.052474894930782e-02
1 118 1.588016284236257e+03 6.304960810820737e-03 4.327997011866084e-02
0 241 1.594004357332636e+03 7.463624711618882e-04 5.050495312734549e-02
0 242 1.604917041164006e+03 7.425851407674549e-04 5.050339769161549e-02
1 119 1.610284209392283e+03 6.304619191051358e-03 4.327982505629974e-02
0 243 1.615827964226506e+03 7.409536125481035e-04 5.049703867564623e-02
0 244 1.626748082671026e+03 7.332742979605941e-04 5.052779176686699e-02
1 120 1.632550920401431e+03 6.304011379332976e-03 4.328042003080605e-02
0 245 1.637667922775217e+03 7.315540836926470e-04 5.053489583976967e-02
0 246 1.648596980566529e+03 7.201292307719815e-04 5.059492109520551e-02
1 121 1.654816125190107e+03 6.303159228790998e-03 4.328166103495055e-02
0 247 1.659526517400454e+03 7.183755056846667e-04 5.061518739670327e-02
0 248 1.670465328754354e+03 7.037806224961298e-04 5.070147287934658e-02
1 122 1.677079659239399e+03 6.302123084969679e-03 4.328331609216876e-02
0 249 1.681404756249096e+03 7.020337722720832e-04 5.073420409629668e-02
0 250 1.692353532433625e+03 6.851028016710442e-04 5.084371222773800e-02
1 123 1.699341469191246e+03 6.300982810626095e-03 4.328509919833873e-02
